-3.000000000000000000e+00
-2.918918918918918859e+00
-2.837837837837837718e+00
-2.756756756756756577e+00
-2.675675675675675436e+00
-2.594594594594594739e+00
-2.513513513513513598e+00
-2.432432432432432456e+00
-2.351351351351351315e+00
-2.270270270270270174e+00
-2.189189189189189033e+00
-2.108108108108107892e+00
-2.027027027027027195e+00
-1.945945945945945832e+00
-1.864864864864864913e+00
-1.783783783783783772e+00
-1.702702702702702631e+00
-1.621621621621621490e+00
-1.540540540540540349e+00
-1.459459459459459429e+00
-1.378378378378378288e+00
-1.297297297297297147e+00
-1.216216216216216228e+00
-1.135135135135135087e+00
-1.054054054054053946e+00
-9.729729729729728049e-01
-8.918918918918916638e-01
-8.108108108108105228e-01
-7.297297297297298257e-01
-6.486486486486486847e-01
-5.675675675675675436e-01
-4.864864864864864025e-01
-4.054054054054052614e-01
-3.243243243243241203e-01
-2.432432432432429792e-01
-1.621621621621618381e-01
-8.108108108108069700e-02
0.000000000000000000e+00
8.108108108108114109e-02
1.621621621621622822e-01
2.432432432432434233e-01
3.243243243243245644e-01
4.054054054054057055e-01
4.864864864864868466e-01
5.675675675675675436e-01
6.486486486486486847e-01
7.297297297297298257e-01
8.108108108108109668e-01
8.918918918918921079e-01
9.729729729729732490e-01
1.054054054054054390e+00
1.135135135135135087e+00
1.216216216216216672e+00
1.297297297297297369e+00
1.378378378378378954e+00
1.459459459459459651e+00
1.540540540540540349e+00
1.621621621621621934e+00
1.702702702702702631e+00
1.783783783783784216e+00
1.864864864864864913e+00
1.945945945945946498e+00
2.027027027027027195e+00
2.108108108108108780e+00
2.189189189189189477e+00
2.270270270270270174e+00
2.351351351351351759e+00
2.432432432432432456e+00
2.513513513513514042e+00
2.594594594594594739e+00
2.675675675675676324e+00
2.756756756756757021e+00
2.837837837837838606e+00
2.918918918918919303e+00
3.000000000000000000e+00
